DTCR Score: 0.862

drug	#_of_rounds	DTCS_score	normalized_DTCS_score
M3814	1	50.722197737623034	411.86424562949907
M3814	2	51.208021154693675	415.80913177611296
M3814	3	45.68473630086675	370.96005876303775
M3814	4	50.30351109152343	408.4645100631701
M3814	5	53.022476862053765	430.5425121198766
M3814	6	51.93403848978991	421.704392537094
M3814	7	51.91538122520935	421.55289554869984
M3814	8	50.924195680916725	413.5044689290437
M3814	9	51.319230204201546	416.7121492581167
M3814	10	46.625091817246975	378.59574555604536
M3814	11	46.3848978992214	376.6453709416776
M3814	12	51.45320993095345	417.80006463934177
M3814	13	45.173350962244754	366.80760981342723
M3814	14	46.81122374026739	380.1071367709709
M3814	15	50.14176582929342	407.1511385338621
M3814	16	47.6525635375349	386.9388159247832
M3814	17	56.36227412957251	457.66166593212864
M3814	18	52.345379756133404	425.04448361980275
M3814	19	51.07742030262967	414.7486528573527
M3814	20	50.180108711620406	407.4624827383575
M3814	21	52.20978404583519	423.9434464521815
M3814	22	50.84471867195537	412.859115616277
M3814	23	49.89819303658001	405.1733274570293
M3814	24	49.04745115322464	398.265303364184
M3814	25	51.03070368738065	414.36931394153055
M3814	26	51.22359335977672	415.9355780813867
M3814	27	51.23916556485973	416.0620243866606
M3814	28	47.89026002644337	388.8689114147202
M3814	29	52.09034817100046	422.9736271485236
M3814	30	49.58572058175408	402.63605112384306
M3814	31	45.72307918319378	371.2714029675333
M3814	32	48.56265608931983	394.32876744527675
M3814	33	46.03173204054652	373.7776641692374
M3814	34	51.797267518730735	420.59381225209347
M3814	35	54.929631261936244	446.02860584692223
M3814	36	54.45453209930954	442.1708006463934
M3814	37	53.88320846187752	437.53165271044486
M3814	38	51.19656236227415	415.716086381666
M3814	39	51.96488908476568	421.9548993682973
M3814	40	51.61598354634935	419.12178639635647
M3814	41	52.473776994270615	426.0870691934771
M3814	42	42.99089172910241	349.0860408403115
M3814	43	48.82885265168211	396.4902835316586
M3814	44	51.61789334508598	419.13729396209754
M3814	45	50.27236668135744	408.2116174526221
M3814	46	53.356397825767594	433.2539503452327
M3814	47	52.04377846334659	422.59548112237377
M3814	48	51.22403408256209	415.93915675040387
M3814	49	51.438078448655816	417.67719700308487
M3814	50	53.41163508153374	433.7024768620537
M3814	51	50.66754811223741	411.4204906713676
M3814	52	48.17981489643016	391.22009695901266
M3814	53	48.84927280740416	396.6560951961215
M3814	54	51.65035992360807	419.4009225796971
M3814	55	51.57631849566624	418.79970618480957
M3814	56	50.40575877772881	409.2947612751578
M3814	57	48.97340972528281	397.66408696929636
M3814	58	52.770383428823294	428.495513442045
M3814	59	46.936242103716786	381.12228588218017
M3814	60	53.227853680035274	432.21017188188625
M3814	61	53.44439547524609	433.96849125899803
M3814	62	50.179521081239905	407.4577111796678
M3814	63	49.866754811223736	404.9180490671367
M3814	64	51.66167180843252	419.4927750844718
M3814	65	50.261348611723264	408.1221507271925
M3814	66	49.83766710738948	404.6818569120023
M3814	67	49.682091964154544	403.41858674893484
M3814	68	51.663581607169085	419.508282650213
M3814	69	48.999853092404905	397.8788071103274
M3814	70	50.869986778316445	413.0642926399293
M3814	71	52.801527838989315	428.7484060525927
M3814	72	52.01718818862937	422.3795680916702
M3814	73	46.83502277067726	380.3003848978991
M3814	74	53.250624357279285	432.39506978110757
M3814	75	49.10107242544441	398.70070809460856
M3814	76	48.54855296018805	394.21425003672675
M3814	77	45.41736447774351	368.7889995592771
M3814	78	46.60805053621273	378.45737035404716
M3814	79	48.146466872337285	390.9493110033789
M3814	80	49.54076685764656	402.27102688408974
M3814	81	46.33274570295287	376.22189510797705
M3814	82	50.694285294549736	411.63759659174394
M3814	83	52.05464962538566	422.6837549581311
M3814	84	49.73439106801828	403.8432554723077
M3814	85	51.76450712501836	420.32779785514896
M3814	86	50.080652269722364	406.6548964301453
M3814	87	49.05626560893198	398.3368767445278
M3814	88	46.50359923608052	377.60922579697353
M3814	89	44.144410166005585	358.4526105479653
M3814	90	50.504186866461026	410.0939973556631
M3814	91	51.835316585867496	420.90277067724384
M3814	92	52.7750844718672	428.5336859115614
M3814	93	49.497869839870724	401.9227030997502
M3814	94	49.38651388276775	401.018492728074
M3814	95	48.117672983693296	390.71550462758916
M3814	96	49.9926546202439	405.9403555163803
M3814	97	52.18760099897166	423.7633201116496
M3814	98	54.4774496841487	442.35689143528697
M3814	99	48.85720581754075	396.72051123843096
M3814	100	53.72381372116937	436.2373674158953
M3814	101	54.62171294255915	443.52830909357994
M3814	102	45.89070074922875	372.63249008373737
M3814	103	50.8942265315117	413.2611194358746
M3814	104	46.28103422946969	375.80199794329354
M3814	105	56.00617011899516	454.7701013662405
M3814	106	49.33906272954312	400.63318936389004
M3814	107	51.57499632731013	418.78897017775813
M3814	108	49.27177905097695	400.08684589393266
M3814	109	53.28720434846485	432.6920993095341
M3814	110	53.4289701777582	433.84323784339637
M3814	111	49.219773762303504	399.6645629499046
M3814	112	48.85926252387253	396.73721169384464
M3814	113	48.17966798883501	391.2189040693401
M3814	114	51.17614220655208	415.5502747172029
M3814	115	47.55149111209051	386.1181078301747
M3814	116	45.432495960041145	368.9118671955341
M3814	117	52.9475539885412	429.9341383869544
M3814	118	50.19524019391803	407.58535037461445
M3814	119	53.24180990157193	432.32349640076376
M3814	120	50.96694579109741	413.851599823711
M3814	121	50.01733509622447	406.1407609813427
M3814	122	51.55663287791982	418.63985896870855
M3814	123	49.9789922138975	405.8294167768473
M3814	124	52.03349493168799	422.5119788453062
M3814	125	48.477890406934065	393.6404701043044
M3814	126	46.02614955193185	373.73233436168636
M3814	127	52.80593506684296	428.7841927427647
M3814	128	51.39150874100192	417.2990509769355
M3814	129	44.54605553107099	361.71397091229613
M3814	130	57.525047744968404	467.1033876891434
M3814	131	53.05655942412226	430.8192625238724
M3814	132	47.777141178198924	387.95038636697484
M3814	133	47.06037902159546	382.1302776553545
M3814	134	49.319817834582054	400.4769208168061
M3814	135	48.29513735860149	392.15651535184367
M3814	136	48.332745702952856	392.46189510797683
M3814	137	50.74731893638903	412.0682297634787
M3814	138	50.12399001028355	407.00679888350226
M3814	139	49.7407080946085	403.8945497282209
M3814	140	50.143528720434865	407.16545320993066
M3814	141	48.71294255913032	395.549093580138
M3814	142	45.85044806816513	372.3056383135007
M3814	143	46.818128397238155	380.16320258557363
M3814	144	49.80417217570151	404.4098780666961
M3814	145	51.190539150874116	415.66717790509756
M3814	146	47.04142794182461	381.97639488761547
M3814	147	53.78198912883796	436.70975172616426
M3814	148	49.375789628323794	400.93141178198897
M3814	149	52.73409725282797	428.20086969296295
M3814	150	46.3013074775966	375.9666167180841
M3814	151	49.57675921845161	402.5632848538268
M3814	152	47.454972822094916	385.33437931541056
M3814	153	50.03026296459529	406.24573527251357
M3814	154	53.8527985896871	437.28472454825896
M3814	155	51.62656089319819	419.2076744527693
M3814	156	50.12252093433233	406.99486998677816
M3814	157	45.13794623182018	366.52012340237997
M3814	158	45.92566475686795	372.91639782576766
M3814	159	53.487439400617035	434.3180079330098
M3814	160	52.15043337740563	423.46151902453374
M3814	161	47.75936535918907	387.80604671661507
M3814	162	50.197590715439986	407.6044366093727
M3814	163	54.66887028059352	443.9112266784192
M3814	164	49.12589980902016	398.9023064492434
M3814	165	45.42779491699722	368.8736947260173
M3814	166	45.12604671661526	366.4234993389157
M3814	167	54.03378874687822	438.75436462465115
M3814	168	48.20332011164979	391.4109593065959
M3814	169	52.136917878654366	423.35177317467287
M3814	170	52.23710885852799	424.165323931247
M3814	171	49.45144703981198	401.545749963273
M3814	172	49.42897017775818	401.36323784339663
M3814	173	48.8457470251212	396.6274658439841
M3814	174	50.99206698986339	414.05558395769043
M3814	175	52.48420743352435	426.17176436021725
M3814	176	50.891876009989716	413.24203320111644
M3814	177	52.281034229469675	424.5219979432937
M3814	178	43.42720728661673	352.62892316732774
M3814	179	50.15043337740563	407.22151902453356
M3814	180	51.46026149551934	417.85732334361677
M3814	181	48.09651828999558	390.5437285147643
M3814	182	46.74511532246217	379.5703364183929
M3814	183	45.9512266784193	373.1239606287644
M3814	184	51.50815337152931	418.24620537681807
M3814	185	52.7517261642427	428.3440164536506
M3814	186	50.8927574555605	413.2491905391509
M3814	187	50.38386954605553	409.11702071397065
M3814	188	51.75716174526223	420.26815337152914
M3814	189	50.00852064051715	406.06918760099876
M3814	190	50.23402379903043	407.9002732481266
M3814	191	49.59673865138828	402.72551784927253
M3814	192	46.889672396062906	380.7441398560304
M3814	193	52.06772440135156	422.7899221389744
M3814	194	49.05641251652711	398.3380696342
M3814	195	52.06963420008817	422.8054297047156
M3814	196	54.767445276920824	444.7116556485968
M3814	197	49.89393271632145	405.13873365653006
M3814	198	47.30395181430883	384.10808873218747
M3814	199	49.84383722638464	404.7319582782429
M3814	200	47.66460996033498	387.03663287791966
M3814	201	51.80255619215514	420.63675628029955
M3814	202	44.20728661671809	358.96316732775085
M3814	203	53.89407962391657	437.6199265462023
M3814	204	52.14264727486412	423.39829587189666
M3814	205	45.57014837667108	370.02960481856906
M3814	206	50.81195827824301	412.5931012193329
M3814	207	46.662553254003264	378.899932422506
M3814	208	48.60261495519321	394.65323343616853
M3814	209	49.67210224768624	403.33747025121204
M3814	210	52.026443367122106	422.45472014103115
M3814	211	49.82444542382843	404.5744968414868
M3814	212	49.82385779344792	404.5697252827972
M3814	213	46.76744527692083	379.751655648597
M3814	214	54.128250330542095	439.5213926840017
M3814	215	49.99485823417071	405.9582488614662
M3814	216	53.17599529895696	431.7890818275307
M3814	217	49.889819303658015	405.10533274570287
M3814	218	51.05097693550755	414.5339327163213
M3814	219	41.78566181871604	339.29957396797414
M3814	220	48.89657705303364	397.04020567063316
M3814	221	47.29234611429411	384.013850448068
M3814	222	54.910680182165436	445.87472307918307
M3814	223	51.43058616130454	417.61635962979284
M3814	224	45.64022329954458	370.59861319230197
M3814	225	52.54825914499783	426.69186425738184
M3814	226	52.75510503893054	428.37145291611586
M3814	227	50.58087263111506	410.716685764654
M3814	228	50.427648009402084	409.47250183634486
M3814	229	51.00837373292201	414.1879947113265
M3814	230	53.758190098428095	436.5165035992359
M3814	231	53.45276920816808	434.0364859703246
M3814	232	48.72675187307185	395.6612252093433
M3814	233	51.459820772734005	417.8537446745996
M3814	234	47.93212869105334	389.2088849713529
M3814	235	51.64095783752021	419.3245776406638
M3814	236	47.92610547965331	389.1599764947847
M3814	237	55.06904656970766	447.16065814602587
M3814	238	43.80314382253564	355.6815278389892
M3814	239	50.99133245188777	414.0496195093284
M3814	240	46.263992948435444	375.66362274129546
M3814	241	50.13735860143969	407.1153518436902
M3814	242	49.96209784045837	405.69223446452156
M3814	243	51.05685323931249	414.5816483032172
M3814	244	51.82385779344794	420.80972528279716
M3814	245	48.39180255619218	392.94143675628027
M3814	246	48.90245335683857	397.0879212575291
M3814	247	48.91758483913618	397.21078889378543
M3814	248	49.71455854267667	403.68221536653425
M3814	249	49.94123696195095	405.5228441310413
M3814	250	48.611576318495686	394.7259997061846
M3814	251	48.37211693844575	392.78158954017897
M3814	252	47.81328044659911	388.24383722638464
M3814	253	50.967680329073026	413.85756427207264
M3814	254	50.99103863669751	414.04723372998365
M3814	255	47.30027912443076	384.0782664903773
M3814	256	52.518583810783035	426.4509005435581
M3814	257	53.29440282062583	432.75055090348144
M3814	258	46.69369766416926	379.1528250330541
M3814	259	48.24621712942556	391.7592830909361
M3814	260	50.80755105038931	412.55731452916115
M3814	261	48.815924783311296	396.38530924048763
M3814	262	46.40810929925078	376.8338475099164
M3814	263	46.29131776112827	375.8855002203613
M3814	264	51.53474364624651	418.4621184075216
M3814	265	49.66505068312031	403.2802115469369
M3814	266	50.93785808726312	413.6154076685765
M3814	267	49.15689731159101	399.1540061701189
M3814	268	47.369472601733534	384.64011752607604
M3814	269	51.041574849419746	414.4575877772878
M3814	270	50.124577640664064	407.0115704421918
M3814	271	48.6375789628324	394.93714117819894
M3814	272	50.74026737182313	412.01097105920365
M3814	273	47.95445864551199	389.3902042015572
M3814	274	53.13074775965918	431.4216718084323
M3814	275	51.67033935654474	419.563155575143
M3814	276	52.70383428823272	427.95513442044944
M3814	277	48.67342441604229	395.2282062582636
M3814	278	49.882180108711616	405.0433024827383
M3814	279	50.3816659321287	409.09912736888475
M3814	280	50.435727927133854	409.53811076832676
M3814	281	54.0045541354488	438.5169795798442
M3814	282	48.418833553694725	393.160928456001
M3814	283	53.468488320846156	434.164125165271
M3814	284	48.35184369031878	392.61697076538843
M3814	285	45.23549287498164	367.31220214485097
M3814	286	49.548112237402684	402.3306713677096
M3814	287	44.77846334655503	363.60112237402666
M3814	288	48.32760393712354	392.42014396944336
M3814	289	47.98854120758043	389.66695460555314
M3814	290	54.91508741001909	445.91050976935514
M3814	291	43.45570736007052	352.86034376377256
M3814	292	46.97355663287794	381.4252798589686
M3814	293	53.61759952989572	435.374908182753
M3814	294	54.461583663875444	442.2280593506685
M3814	295	51.38827677390922	417.2728074041425
M3814	296	47.09813427354197	382.4368503011604
M3814	297	46.74952255031587	379.60612310856453
M3814	298	52.56427207286619	426.8218892316732
M3814	299	52.00396650506835	422.27220802115477
M3814	300	51.25767592184517	416.21232848538267
M3814	301	48.1062141912737	390.6224592331424
M3814	302	46.71661524900837	379.3389158219479
M3814	303	50.32172763331864	408.6124283825473
M3814	304	56.541501395622156	459.1169913324519
M3814	305	45.00455413544883	365.43697957984426
M3814	306	47.012634053180584	381.74258851182594
M3814	307	48.587924195680905	394.5339444689289
M3814	308	55.183340678713094	448.08872631115025
M3814	309	50.962832378434	413.81819891288364
M3814	310	53.05127075069782	430.7763184956662
M3814	311	51.37858087263114	417.19407668576457
M3814	312	50.90612604671662	413.3577434993387
M3814	313	55.252681063611	448.65177023652103
M3814	314	50.43234905244602	409.5106743058616
M3814	315	48.39444689290439	392.96290877038314
M3814	316	50.76171588071105	412.1851329513734
M3814	317	53.32319670926989	432.98435727927136
M3814	318	46.11723226090791	374.47192595857206
M3814	319	49.84839136183341	404.76893785808704
M3814	320	48.91288379609227	397.1726164242692
M3814	321	51.32863229028942	416.78849419715004
M3814	322	47.65124136917879	386.9280799177317
M3814	323	50.86866460996033	413.05355663287787
M3814	324	49.743352431320716	403.91602174232406
M3814	325	44.17158807110328	358.6732951373586
M3814	326	45.55428235639785	369.9007727339503
M3814	327	51.49023064492437	418.10067283678535
M3814	328	50.800352578228306	412.49886293521365
M3814	329	50.101806963420046	406.8266725429705
M3814	330	53.43866607903632	433.9219685617746
M3814	331	52.663581607169114	427.628282650213
M3814	332	52.87042750110182	429.30787130894646
M3814	333	49.6779785514911	403.38518583810765
M3814	334	53.65197590715441	435.6540443660936
M3814	335	52.543558101953906	426.65369178786534
M3814	336	49.314088438372245	400.4303981195828
M3814	337	52.03937123549291	422.55969443220187
M3814	338	46.49566622594391	377.5448097546641
M3814	339	54.94770089613636	446.1753312766267
M3814	340	47.32863229028942	384.3084941971499
M3814	341	52.190392243279	423.7859850154252
M3814	342	50.28529454972825	408.3165917437931
M3814	343	45.9501983252534	373.1156104010577
M3814	344	50.37564272072868	409.0502188923167
M3814	345	54.174526223005756	439.8971529308064
M3814	346	47.27780226237697	383.89575437050104
M3814	347	51.62009695901282	419.1551873071836
M3814	348	51.61627736153959	419.1241721757014
M3814	349	50.386954605553086	409.1420713970911
M3814	350	51.73159982371089	420.06059056853246
M3814	351	45.263846040840335	367.5424298516233
M3814	352	50.36712208021156	408.98103129131766
M3814	353	52.85617746437493	429.19216101072396
M3814	354	52.85999706184812	429.22317614220646
M3814	355	49.52019979432939	402.10402232995415
M3814	356	48.05259291905393	390.1870545027176
M3814	357	54.25150580285002	440.5222271191419
M3814	358	50.129719406493315	407.0533215807254
M3814	359	48.43381812839725	393.2826032025855
M3814	360	50.91905391508741	413.4627177905096
M3814	361	50.88981930365802	413.2253327457028
M3814	362	51.41971499926547	417.5280857940356
M3814	363	48.43616864991923	393.3016894373438
M3814	364	52.210077861025425	423.9458322315263
M3814	365	53.60570001469077	435.27828411928886
M3814	366	45.94520346701926	373.0750521521961
M3814	367	51.14587924195683	415.3045394446892
M3814	368	51.71676215660352	419.94010871162044
M3814	369	46.1529308065227	374.76179814896426
M3814	370	48.561187013368595	394.31683854855277
M3814	371	53.33259879535774	433.06070221830447
M3814	372	46.59482885265171	378.3500102835316
M3814	373	46.05729396209785	373.98522697223433
M3814	374	52.29043631555752	424.59834288232685
M3814	375	51.04377846334657	414.475481122374
M3814	376	50.415601586602016	409.37468488320843
M3814	377	48.995445864551215	397.84302042015554
M3814	378	45.41501395622154	368.7699133245188
M3814	379	50.356250918172485	408.89275745556034
M3814	380	48.166152490083746	391.10915821948
M3814	381	48.42515058028501	393.2122227119142
M3814	382	49.24283825473778	399.8518466284707
M3814	383	52.24695166740122	424.2452475392977
M3814	384	55.10063170265907	447.41712942559127
M3814	385	48.09137652416633	390.50197737623023
M3814	386	49.04054649625389	398.2092375495814
M3814	387	49.56353753489056	402.4559247833114
M3814	388	47.26428676362568	383.78600852064034
M3814	389	48.430439253709444	393.2551667401203
M3814	390	49.090935801380944	398.61839870721315
M3814	391	48.77728808579404	396.0715792566475
M3814	392	53.830321727633326	437.1022124283824
M3814	393	49.27838989275746	400.14052592919046
M3814	394	52.976641692375495	430.170330542089
M3814	395	46.48905538416336	377.4911297194066
M3814	396	49.22241809901571	399.68603496400766
M3814	397	55.20949023064494	448.30106067283674
M3814	398	56.13045394446895	455.7792860290877
M3814	399	51.30292346114299	416.57973850448053
M3814	400	50.91920082268256	413.463910680182
M3814	401	50.07007492287354	406.56900837373286
M3814	402	45.80255619215515	371.9167562802996
M3814	403	50.22550315851334	407.83108564712796
M3814	404	43.83781401498459	355.96304980167463
M3814	405	47.02717790509769	381.86068458939326
M3814	406	49.29028940796239	400.23714999265474
M3814	407	46.84280887321878	380.36360805053613
M3814	408	51.569120023505235	418.74125459086235
M3814	409	47.86131923020422	388.633912149258
M3814	410	52.322755986484495	424.860778610254
M3814	411	48.204348464815624	391.419309534303
M3814	412	47.56353753489057	386.21592478331127
M3814	413	50.613779932422524	410.98389305127057
M3814	414	52.399001028353176	425.47988835022767
M3814	415	49.34097252827975	400.648696929631
M3814	416	52.02438666079038	422.4380196856176
M3814	417	56.07007492287353	455.289008373733
M3814	418	47.463493462612014	385.4035669164096
M3814	419	51.994417511385365	422.1946701924489
M3814	420	48.45849860437786	393.4830086675481
M3814	421	43.51417658292934	353.3351138533861
M3814	422	46.87968267959455	380.66302335830756
M3814	423	50.875275451740876	413.1072366681358
M3814	424	49.478184222124305	401.7628558836491
M3814	425	50.66460996033496	411.3966328779198
M3814	426	48.56912002350522	394.38125459086217
M3814	427	49.63449390333479	403.0320904950785
M3814	428	50.05229910386367	406.4246687233727
M3814	429	52.287498163655094	424.57448508887893
M3814	430	49.97223446452185	405.7745438519171
M3814	431	48.5638313500808	394.338310562656
M3814	432	52.13985603055678	423.37563096812084
M3814	433	51.18334067871311	415.6087263111503
M3814	434	46.426766563831364	376.98534449831044
M3814	435	50.52034670192451	410.22521521962665
M3814	436	52.93550756574116	429.83632143381783
M3814	437	49.09255178492728	398.6315204936095
M3814	438	50.35551638019689	408.8867930071984
M3814	439	44.270603790215965	359.47730277655336
M3814	440	50.0121933303952	406.09900984280875
M3814	441	52.72190392243283	428.10185985015426
M3814	442	45.91347142647276	372.81738798295873
M3814	443	50.73953283384751	412.00500661084146
M3814	444	53.349052446011456	433.1943058616131
M3814	445	52.409137652416646	425.5621977376229
M3814	446	45.099897164683426	366.21116497722943
M3814	447	49.044219186131926	398.23905979139124
M3814	448	43.86851770236524	356.21236374320546
M3814	449	49.48494197149993	401.8177288085794
M3814	450	51.46981048920232	417.93486117232237
M3814	451	44.0503893051271	357.6891611576317
M3814	452	49.772880857940365	404.15579256647567
M3814	453	48.19450565594242	391.33938592625225
M3814	454	45.08300279124432	366.07398266490367
M3814	455	46.42221242838256	376.9483649184663
M3814	456	51.6681357426179	419.5452622300573
M3814	457	53.94946378727781	438.0696459526955
M3814	458	49.55178492728076	402.3604936095193
M3814	459	49.0362861759953	398.1746437490819
M3814	460	51.54590862347586	418.55277802262367
M3814	461	52.186572645805796	423.75496988394286
M3814	462	46.3026296459527	375.9773527251359
M3814	463	51.70515645658881	419.84587042750115
M3814	464	48.48729249302188	393.71681504333793
M3814	465	50.93403848978993	413.5843925370941
M3814	466	44.621272219773786	362.324730424563
M3814	467	50.561480828558835	410.55922432789765
M3814	468	43.8248861466138	355.85807551050374
M3814	469	48.769208168062306	396.0059703246658
M3814	470	44.43807844865581	360.83719700308495
M3814	471	54.55046275892464	442.94975760246786
M3814	472	45.681357426178934	370.9326223005728
M3814	473	52.33568385485531	424.96575290142505
M3814	474	52.875422359336	429.3484295578079
M3814	475	45.83752019979434	372.20066402232993
M3814	476	51.39885412075805	417.3586954605551
M3814	477	48.385485529601894	392.89014250036723
M3814	478	49.6939914793595	403.51521081239883
M3814	479	56.548993682973425	459.17782870574393
M3814	480	50.899662112531225	413.30525635375363
M3814	481	53.39738504480681	433.5867665638314
M3814	482	51.24195680916702	416.0846892904363
M3814	483	46.985896870868224	381.5254825914499
M3814	484	49.081680622888236	398.5432466578522
M3814	485	48.975760246804775	397.68317320405464
M3814	486	48.06537387982961	390.29083590421624
M3814	487	44.985896870868224	365.28548259144986
M3814	488	45.61789334508597	370.41729396209763
M3814	489	54.86175995298959	445.4774908182752
M3814	490	45.04877332158074	365.7960393712354
M3814	491	47.166887028059364	382.9951226678419
M3814	492	53.10004407227855	431.17235786690173
M3814	493	49.71617452622303	403.6953371529308
M3814	494	50.10077861025418	406.81832231526374
M3814	495	51.31937711179667	416.7133421477889
M3814	496	53.639194946378744	435.5502629645951
M3814	497	47.41281034229472	384.9920199794329
M3814	498	51.645071250183676	419.3579785514909
M3814	499	47.78713089466725	388.03150286469787
M3814	500	49.670633171734984	403.3255413544878
